0;9;17;3;6;15;7;16;6;
9;0;2;10;1;18;20;2;1;
17;2;0;17;15;-1;6;10;20;
3;10;17;0;-1;9;2;9;15;
6;1;15;-1;0;18;18;13;14;
15;18;-1;9;18;0;-1;6;19;
7;20;6;2;18;-1;0;-1;5;
16;2;10;9;13;6;-1;0;7;
6;1;20;15;14;19;5;7;0;
